tree
version=v4
num_class=3
num_tree_per_iteration=3
label_index=0
max_feature_idx=34
objective=multiclass num_class:3
feature_names=last_num last_color last_dozen last_zone last_sector hot50 wheel_pos wheel_dist same_num same_color same_dozen c5_num c10_num c25_num c50_num c5_col c10_col c25_col c50_col c5_doz c10_doz c25_doz c50_doz c5_zone c10_zone c25_zone c50_zone nn5 nn10 num_streak col_streak gap_last ent10 markov_pred markov_conf
feature_infos=-1:4:13:24:5:34:10:14:1:16:33:8:28:27:11:22:25:23:35:12:3:19:21:7:17:30:9:2:6:20:31:32:36:15:26:0:29:18 -1:1:0:2 -1:1:2:3:0 -1:6:7:1:3:4:5:8:11:2:10:9:0:12 -1:1:0:2 -1:8:28:1:11:25:27:5:14:21:17:31:12:4:34:33:3:22:2:36:23:30:24:15:13:16:10:9:7:6:29:35:19:0:26:20:32 [0:36] [0:18] [0:1] [0:1] [0:1] [1:4] [1:4] [1:6] [1:9] [1:5] [1:10] [1:21] [1:37] [1:5] [1:9] [1:18] [1:29] [1:4] [1:6] [1:10] [1:13] [1:5] [1:8] [1:3] [1:12] [1:200] [0:3.3219280242919922] -1:14:13:1:35:27:34:0:16:9:19:2:25:21:33:6:28:22:11:20:31:4:26:8:12 [0.035443037748336792:0.060096152126789093]
tree_sizes=3370 3359 3286 3395 3445 3397 3443 3439 3414 3441 3428 3397 3443 3433 3420 3410 3430 3413 3450 3440 3401

Tree=0
num_leaves=31
num_cat=7
split_feature=0 21 0 20 0 17 12 0 7 25 12 15 21 19 12 19 21 0 24 12 0 18 20 0 18 28 17 23 27 34
split_gain=13.1889 4.3292 7.85606 7.32738 6.77846 5.47868 5.41998 6.77779 5.58908 7.10874 5.07347 4.98305 4.76706 4.38569 6.56924 4.29224 4.12281 6.55359 4.63636 3.96058 3.68622 3.62119 3.56078 5.18378 3.41652 3.79267 3.34467 3.31287 6.20387 3.86576
threshold=0 7.5000000000000009 1 5.5000000000000009 2 11.500000000000002 1.5000000000000002 3 9.5000000000000018 4.5000000000000009 1.5000000000000002 3.5000000000000004 6.5000000000000009 3.5000000000000004 1.5000000000000002 2.5000000000000004 8.5000000000000018 4 3.5000000000000004 1.5000000000000002 5 26.500000000000004 3.5000000000000004 6 24.500000000000004 2.5000000000000004 11.500000000000002 1.5000000000000002 1.5000000000000002 0.045249795541167266
decision_type=1 2 1 2 1 2 2 1 2 2 2 2 2 2 2 2 2 1 2 2 1 2 2 1 2 2 2 2 2 2
left_child=20 2 5 6 11 24 7 8 9 27 -4 -5 19 21 -15 -10 -8 -18 -19 -7 -1 -6 23 -9 25 -2 -17 28 -3 -29
right_child=1 3 10 4 13 12 16 22 15 -11 -12 -13 -14 14 -16 26 17 18 -20 -21 -22 -23 -24 -25 -26 -27 -28 29 -30 -31
leaf_value=-0.72657335191018779 -0.72183939246260898 -0.71473414481969055 -0.72348896018712916 -0.70862233422245002 -0.74326792834441979 -0.70817925022603656 -0.69658616868617418 -0.72493079300090946 -0.72215231927588397 -0.74498406229819836 -0.74133742434125205 -0.72849064575362299 -0.71936555697502658 -0.73183845020365734 -0.69864689342020225 -0.72366871627416396 -0.72278276954542486 -0.70734106498794325 -0.67798747583349084 -0.68402938097677435 -0.7214435847042826 -0.72223742035861471 -0.71053181095591467 -0.71103886678675465 -0.70725498408133192 -0.74470017845724623 -0.74810121819884945 -0.70715489000387688 -0.68722461927370315 -0.741219515711659
leaf_weight=459.43274360895157 58.8343725502491 68.577644437551498 292.29815661907196 103.80331972241402 66.329197078943253 116.91926264762878 61.832302361726761 126.28779330849648 96.683236420154572 17.612837642431259 46.09317085146904 45.343688398599625 92.561082929372787 41.596276134252548 23.233956038951874 22.109732359647751 82.817811042070389 131.15942925214767 14.989649057388304 19.861285001039505 1475.356208473444 29.604556888341904 471.04972162842751 123.66460472345352 23.233956038951874 26.231885850429535 38.223605096340179 16.113872736692429 29.229815661907196 17.238096415996552
leaf_count=1226 157 183 780 277 177 312 165 337 258 47 123 121 247 111 62 59 221 350 40 53 3937 79 1257 330 62 70 102 43 78 46
internal_value=-0.719655 -0.717104 -0.720456 -0.715696 -0.722613 -0.715117 -0.714068 -0.715775 -0.722029 -0.715158 -0.725744 -0.714983 -0.710603 -0.729391 -0.719943 -0.728683 -0.708043 -0.711136 -0.705319 -0.704673 -0.72269 -0.736778 -0.713183 -0.717915 -0.724248 -0.728889 -0.739148 -0.711153 -0.706513 -0.724761
internal_weight=4238.32 2303.53 676.033 1627.5 309.911 337.642 1317.59 1026.79 305.789 148.772 338.391 149.147 229.342 160.764 64.8302 157.017 290.799 228.967 146.149 136.781 1934.79 95.9338 721.002 249.952 108.3 85.0663 60.3333 131.159 97.8075 33.352
internal_count=11310 6147 1804 4343 827 901 3516 2740 816 397 903 398 612 429 173 419 776 611 390 365 5163 256 1924 667 289 227 161 350 261 89
cat_boundaries=0 2 3 5 7 8 9 10
cat_threshold=2316592585 29 1428197414 7014434 2 6490112 2 566329380 135282752 1678246436
is_linear=0
shrinkage=1


Tree=1
num_leaves=31
num_cat=12
split_feature=5 0 0 31 0 5 28 7 0 22 17 18 20 5 0 22 32 32 18 7 33 16 21 5 0 5 7 21 22 31
split_gain=17.745 19.2221 12.5691 9.45082 5.6266 5.40366 4.92493 4.8124 4.73022 4.28848 4.64207 6.22934 4.31683 3.8144 7.28626 5.12751 5.0944 3.82632 8.85801 4.50286 4.3989 3.80769 3.76608 7.36113 7.23755 6.05936 7.54285 4.74341 4.3047 3.93584
threshold=0 1 2 74.500000000000014 3 4 1.5000000000000002 1.0000000180025095e-35 5 21.500000000000004 1.5000000000000002 3.5000000000000004 4.5000000000000009 6 7 15.500000000000002 3.0219280719757085 2.8841837644577031 28.500000000000004 16.500000000000004 8 5.5000000000000009 8.5000000000000018 9 10 11 4.5000000000000009 6.5000000000000009 18.500000000000004 26.500000000000004
decision_type=9 1 1 2 1 9 2 2 1 2 2 2 2 9 1 2 2 2 2 2 1 2 2 9 1 9 2 2 2 2
left_child=2 3 -1 7 -5 8 -6 -2 -4 10 -7 -12 -11 14 -3 -16 -17 18 20 -19 -15 -10 25 24 28 27 -27 -9 -24 -28
right_child=1 13 5 4 6 9 -8 22 21 12 11 -13 -14 17 15 16 -18 19 -20 -21 -22 -23 23 -25 -26 26 29 -29 -30 -31
leaf_value=-0.72462514647929144 -0.74786065544091651 -0.70565726701283016 -0.71179212184384932 -0.72018614625848265 -0.71096134608156947 -0.7343267530833022 -0.6750226678774619 -0.74397086402697032 -0.73985604335767197 -0.74049409214691608 -0.68824009647606021 -0.71527090614276423 -0.71805098527660383 -0.71134033287893184 -0.7388857873475817 -0.70083355945185444 -0.72657099952720539 -0.70872992065539187 -0.68824009647606021 -0.69670074343061406 -0.73136140946685113 -0.72144339876924157 -0.71584220710793811 -0.73096893715017697 -0.72630007543647057 -0.73145403918518825 -0.69487774688991655 -0.71995980591619146 -0.68649196280270786 -0.71320415227824352
leaf_weight=976.68692982196808 18.73919665813446 81.702897429466248 41.601016581058502 39.727096915245056 15.366141259670256 31.107066452503204 25.110523521900177 31.107066452503204 65.587188303470612 34.480121850967407 21.737468123435974 1093.9943009018898 56.592373907566071 41.975800514221191 41.226232647895813 29.982714653015137 53.594102442264557 797.91499370336533 21.737468123435974 86.200304627418518 55.468022108078003 49.096695244312286 22.487035989761353 204.25724357366562 58.466293573379517 35.229689717292786 52.469750642776489 60.714997172355652 28.108794987201691 66.33675616979599
leaf_count=2606 50 218 111 106 41 83 67 83 175 92 58 2919 151 112 110 80 143 2129 58 230 148 131 60 545 156 94 140 162 75 177
internal_value=-0.717435 -0.713801 -0.720301 -0.720656 -0.704621 -0.717242 -0.694367 -0.722937 -0.725711 -0.716115 -0.715275 -0.714744 -0.726548 -0.710076 -0.716494 -0.723936 -0.717338 -0.708777 -0.717101 -0.707557 -0.723539 -0.730808 -0.722101 -0.725736 -0.714927 -0.717469 -0.71152 -0.727048 -0.702492 -0.70511
internal_weight=4238.81 1867.92 2370.88 658.121 80.2038 1394.2 40.4767 577.917 156.285 1237.91 1146.84 1115.73 91.0725 1209.8 206.506 124.803 83.5768 1003.3 119.181 884.115 97.4438 114.684 559.178 313.319 109.062 245.858 154.036 91.8221 50.5958 118.807
internal_count=11310 4984 6326 1756 214 3720 108 1542 417 3303 3060 2977 243 3228 551 333 223 2677 318 2359 260 306 1492 836 291 656 411 245 135 317
cat_boundaries=0 2 3 5 6 8 9 10 12 13 15 16 18
cat_threshold=2588127541 7 1952979512 1098944054 15 1140854840 131072 4 202907649 1082655232 2281768262 12 272704257 1576000 8 536877584 537937096 8
is_linear=0
shrinkage=1


Tree=2
num_leaves=31
num_cat=5
split_feature=33 5 26 5 25 34 13 7 1 7 31 21 20 6 18 31 31 34 31 1 26 27 24 26 6 7 21 21 21 7
split_gain=13.6785 19.3562 10.2838 10.2149 9.67578 10.5529 7.63986 7.04207 6.56158 6.37717 6.31567 6.95389 13.9576 6.45754 7.57928 7.58547 6.6638 5.79313 5.74286 5.7009 9.98268 5.69616 4.61432 4.03312 4.74268 4.55057 3.74905 6.69203 5.46299 3.867
threshold=0 1 3.5000000000000004 2 2.5000000000000004 0.04436126537621022 3.5000000000000004 6.5000000000000009 3 1.5000000000000002 38.500000000000007 9.5000000000000018 4.5000000000000009 14.500000000000002 24.500000000000004 24.500000000000004 15.500000000000002 0.04975427873432637 129.50000000000003 4 2.5000000000000004 2.5000000000000004 2.5000000000000004 4.5000000000000009 16.500000000000004 7.5000000000000009 7.5000000000000009 9.5000000000000018 8.5000000000000018 6.5000000000000009
decision_type=1 9 2 9 2 2 2 2 1 2 2 2 2 2 2 2 2 2 2 1 2 2 2 2 2 2 2 2 2 2
left_child=1 2 4 10 18 -6 -3 8 22 -10 13 23 -13 14 -2 16 17 -16 19 20 -1 -11 -4 24 25 -12 -21 28 -28 -29
right_child=3 6 7 -5 5 -7 -8 -9 9 21 11 12 -14 -15 15 -17 -18 -19 -20 26 -22 -23 -24 -25 -26 -27 27 29 -30 -31
leaf_value=-3.5576001367885386 -3.7022644019022275 -3.6967073467182932 -3.6985654076234007 -3.6972876028739639 -3.6512790694414274 -3.472781669849069 -3.5816053632808411 -3.6801095685423597 -3.6770291243124329 -3.6225093739239025 -3.616872300967064 -3.4758045502221737 -3.660955973074842 -3.7097946563362796 -3.6727900514585627 -3.717634980070557 -3.523306956085249 -3.5556949600828003 -3.5606777299285772 -3.7005243364492091 -3.6699052899689022 -3.5185672481831682 -3.6218394752890672 -3.7050396451826204 -3.5906740044001557 -3.717634980070557 -3.6496201716756991 -3.6227305962637786 -3.5278262124570006 -3.717634980070557
leaf_weight=3.7491835802793512 6.5059362128376987 74.06475406140089 7.8659341782331467 193.56079150736332 1.5070247724652284 1.8378350883722303 1.4702680706977833 47.967495806515217 4.9253980368375805 10.512416705489157 1.984861895442007 1.6540515795350064 2.646482527256012 12.754575513303278 3.3448598608374578 1.9481051936745641 1.8010783866047857 1.5437814742326734 1.9113484919071186 5.8443155810237011 4.1902640014886856 1.5070247724652279 2.6097258254885674 3.9697237908840179 2.7567526325583458 2.5729691237211227 2.2054021060466749 1.580538176000118 1.5805381760001185 3.3448598608374596
leaf_count=102 177 2015 214 5266 41 50 40 1305 134 286 54 45 72 347 91 53 49 42 52 159 114 41 71 108 75 70 60 43 43 91
internal_value=-3.68468 -3.67448 -3.66114 -3.69237 -3.63295 -3.5532 -3.69318 -3.66856 -3.64834 -3.62911 -3.67198 -3.64385 -3.58974 -3.68358 -3.66151 -3.63081 -3.60552 -3.63581 -3.64388 -3.65095 -3.61687 -3.60948 -3.67945 -3.66446 -3.64244 -3.67375 -3.66954 -3.64876 -3.59877 -3.68718
internal_weight=415.718 178.674 103.139 237.044 27.7513 3.34486 75.535 75.388 27.4205 16.9448 43.4832 15.5848 4.30053 27.8983 15.1438 8.63782 6.68972 4.88864 24.4064 22.4951 7.93945 12.0194 10.4757 11.2843 7.31458 4.55783 14.5557 8.71134 3.78594 4.9254
internal_count=11310 4861 2806 6449 755 91 2055 2051 746 461 1183 424 117 759 412 235 182 133 664 612 216 327 285 307 199 124 396 237 103 134
cat_boundaries=0 2 4 6 7 8
cat_threshold=2285906195 2 1544276406 3 8430848 12 1 1
is_linear=0
shrinkage=1


Tree=3
num_leaves=31
num_cat=18
split_feature=5 0 0 5 5 0 21 0 5 4 0 21 5 0 17 0 21 17 1 21 0 5 19 11 27 19 5 0 19 7
split_gain=18.4221 14.6328 13.4506 8.42315 6.58358 5.12853 4.62224 5.69896 4.5635 4.79597 4.49101 4.79473 3.88355 9.27481 4.07175 3.99362 3.89696 3.83437 4.39893 3.76874 3.67126 4.35953 8.34686 4.05212 3.92569 3.66978 3.65458 3.88216 3.65651 3.76856
threshold=0 1 2 3 4 5 7.5000000000000009 6 7 8 9 10.500000000000002 10 11 12.500000000000002 12 12.500000000000002 16.500000000000004 13 13.500000000000002 14 15 1.5000000000000002 1.5000000000000002 2.5000000000000004 3.5000000000000004 16 17 1.5000000000000002 11.500000000000002
decision_type=9 1 1 9 9 1 2 1 9 1 1 2 9 1 2 1 2 2 1 2 1 9 2 2 2 2 9 1 2 2
left_child=2 4 17 5 10 -3 7 -5 -9 -10 11 -2 13 -4 15 -15 -14 19 -19 -1 21 22 -8 25 26 -23 27 -22 29 -28
right_child=1 3 12 6 -6 -7 20 8 9 -11 -12 -13 16 14 -16 -17 -18 18 -20 -21 24 23 -24 -25 -26 -27 28 -29 -30 -31
leaf_value=0.0095674444641314169 0.00040681688803610754 0.0034386119457382441 -0.011496365837591135 0.007945969406824703 -0.0098100537333610845 -0.010734855518752029 0.041630285486678742 0.0018836657527955753 -0.025089558242323763 -0.0043962077526856136 -0.005348044798872624 0.02154710327313393 -0.00039675776041827758 0.014402488258354934 0.020702078106073416 -0.0060127940476209975 -0.016899161417174825 0.015752042834268187 -0.017016823868349375 0.034896211404715716 0.011468245948093009 -0.010244294090156142 0.0029001930465084739 0.01523487475841559 0.022350922315830205 0.010864588323335337 -0.016237574976321573 -0.0038737925543619206 0.013820911285623821 0.015441333319634563
leaf_weight=722.15065795183182 112.41869309544563 90.690171748399734 47.964972645044327 90.688402116298676 667.24410420656204 197.47000432014465 16.864170551300049 91.802505433559418 52.829746246337891 59.574173033237457 290.00903835892677 35.225810527801514 789.56094199419022 37.848361730575562 80.951930314302444 41.600476950407028 37.472194731235504 16.112879484891891 28.106006503105164 14.991010814905165 49.466313183307648 133.04332664608955 79.447435140609741 23.612077265977859 44.594291746616364 24.359519153833389 22.487080633640289 125.14999091625214 196.37508305907249 16.116454482078552
leaf_count=1927 300 242 128 242 1781 527 45 245 141 159 774 94 2107 101 216 111 100 43 75 40 132 355 212 63 119 65 60 334 524 43
internal_value=0.000395763 -0.00245861 0.00418755 0.0011101 -0.00667641 -0.00630844 0.0032336 -0.00201952 -0.00651527 -0.0129683 -0.00178646 0.00510483 0.000422658 0.00635795 0.0120583 0.00476876 -0.0011308 0.00910811 -0.00507621 0.0100825 0.00539549 0.000674916 0.00877113 -0.00386646 0.00808498 -0.0069775 0.00672918 0.000858165 0.0106042 -0.00301206
internal_weight=4236.23 2419.47 1816.76 1314.57 1104.9 288.16 1026.41 294.895 204.206 112.404 437.654 147.645 1035.4 208.366 160.401 79.4488 827.033 781.361 44.2189 737.142 731.516 277.327 96.3116 181.015 454.189 157.403 409.595 174.616 234.979 38.6035
internal_count=11305 6457 4848 3508 2949 769 2739 787 545 300 1168 394 2763 556 428 212 2207 2085 118 1967 1952 740 257 483 1212 420 1093 466 627 103
cat_boundaries=0 2 4 6 8 10 11 12 14 15 17 18 19 20 21 22 23 24 25
cat_threshold=2204839957 22 2318432581 30 3307676196 22 8406208 8 276857184 8 88866826 1094714402 135266570 1 4 33572868 6 655365 135269520 8945985 2 1078199338 605030402 1050914 813695488
is_linear=0
shrinkage=0.05


Tree=4
num_leaves=31
num_cat=16
split_feature=5 0 0 5 22 5 0 0 31 19 31 5 0 31 5 10 0 30 0 20 7 5 0 20 5 22 18 0 22 19
split_gain=17.7727 14.4353 11.6576 6.42046 5.92815 6.90738 11.2033 6.18412 5.94101 6.84282 5.96069 5.69987 5.51027 5.19787 6.67309 6.60706 6.49696 6.06838 5.21331 6.33299 5.1784 5.08364 5.05821 4.77007 5.5488 5.26221 5.17393 5.2373 4.72004 4.5338
threshold=0 1 2 3 18.500000000000004 4 5 6 31.500000000000004 1.5000000000000002 3.5000000000000004 7 8 87.500000000000014 9 1.0000000180025095e-35 10 2.5000000000000004 11 4.5000000000000009 14.500000000000002 12 13 4.5000000000000009 14 17.500000000000004 27.500000000000004 15 12.500000000000002 1.5000000000000002
decision_type=9 1 1 9 2 9 1 1 2 2 2 9 1 2 9 2 1 2 1 2 2 9 1 2 9 2 2 1 2 2
left_child=1 -1 3 -2 5 6 23 21 10 -10 -8 22 -7 14 15 16 -3 18 19 -16 -20 -6 -9 24 29 26 27 -26 -12 -4
right_child=2 13 4 -5 7 12 8 11 9 -11 28 -13 -14 -15 17 -17 -18 -19 20 -21 -22 -23 -24 -25 25 -27 -28 -29 -30 -31
leaf_value=0.010693353416283203 -0.011941331479684167 -0.01078742632967479 0.014540955734035238 -0.0034961380719423572 0.0073207243599118137 -0.001012595662320491 -0.03166398331034883 -0.0089960256092994108 -0.033825664119758757 -0.009655071568845628 0.020666503035513827 -0.012616492940371517 0.0072938972315141938 0.012442691207498044 0.0048568195483955955 0.014547037398444257 0.0069662305667040113 0.0059452875756291663 -0.024044058598083194 -0.018695161168801426 0.0016044230479217115 -0.0049935670542260056 0.013433687553131322 -0.0065230107111307403 0.016389630575458555 0.037247058837227613 0.029368010986636925 -0.0056999979670500495 -0.0042136946941296344 -0.014770844807795242
leaf_weight=533.3622011244297 396.06115677952766 87.687921494245529 19.485961645841599 570.70825904607773 147.29131495952606 318.18923017382622 16.488225013017654 40.092164218425751 44.967709898948669 83.945435106754303 23.239564508199692 253.68067401647568 534.83418506383896 71.966370075941086 89.199831515550613 96.684183597564697 99.681068450212479 73.082110673189163 96.308282971382141 41.973493784666061 24.733379453420639 169.76522782444954 41.598474055528641 74.205819666385651 37.852360725402832 20.988512188196182 26.984050571918488 54.722327888011932 106.05382558703423 40.844082713127136
leaf_count=1423 1057 234 52 1523 393 849 44 107 120 224 62 677 1427 192 238 258 266 195 257 112 66 453 111 198 101 56 72 146 283 109
internal_value=-0.000489281 0.00459681 -0.00254042 -0.00704275 -0.000398692 0.0014307 -0.00292018 -0.00433823 -0.0099062 -0.0180863 -0.00335214 -0.00893009 0.00421963 -0.000261461 -0.00176616 0.00379772 -0.00154635 -0.00654029 -0.0104174 -0.00248966 -0.0173682 0.000776063 0.00264506 0.00415876 0.00831172 0.0132157 0.0101024 0.00448681 0.000258343 -0.00454937
internal_weight=4236.68 1214.68 3022 966.769 2055.23 1402.8 549.778 652.428 274.695 128.913 145.782 335.371 853.023 681.317 609.35 284.053 187.369 325.297 252.215 131.173 121.042 317.057 81.6906 275.083 200.877 140.547 119.559 92.5747 129.293 60.33
internal_count=11305 3241 8064 2580 5484 3743 1467 1741 733 344 389 895 2276 1818 1626 758 500 868 673 350 323 846 218 734 536 375 319 247 345 161
cat_boundaries=0 2 4 6 8 10 11 13 15 16 18 20 22 24 25 26 27
cat_threshold=1687178952 8 454228356 12 1166180900 13 404885525 2 2185965584 4 978915528 139744720 16 134230038 1 811339928 1082147968 8 2154300938 18 1084556811 2 37859378 16 270598154 659456 810025024
is_linear=0
shrinkage=0.05


Tree=5
num_leaves=31
num_cat=6
split_feature=5 0 0 5 27 21 22 31 6 27 24 0 5 20 6 20 15 21 6 31 21 20 16 31 31 31 34 31 21 27
split_gain=13.8091 16.189 14.3619 8.86886 13.6351 10.1516 7.94554 6.14551 6.30009 7.52278 4.73046 8.25682 6.07722 6.27323 4.5514 5.85708 7.67806 5.86323 4.78447 4.25167 4.186 8.19364 12.2413 4.8275 4.47488 4.53483 6.09293 5.20476 8.00446 5.03727
threshold=0 1 2 3 1.5000000000000002 7.5000000000000009 20.500000000000004 16.500000000000004 10.500000000000002 1.5000000000000002 1.5000000000000002 4 5 5.5000000000000009 26.500000000000004 2.5000000000000004 3.5000000000000004 7.5000000000000009 24.500000000000004 37.500000000000007 11.500000000000002 5.5000000000000009 5.5000000000000009 14.500000000000002 139.50000000000003 87.500000000000014 0.04673526622354985 36.500000000000007 10.500000000000002 1.5000000000000002
decision_type=9 1 1 9 2 2 2 2 2 2 2 1 9 2 2 2 2 2 2 2 2 2 2 2 2 2 2 2 2 2
left_child=1 20 3 4 -2 -6 -3 -8 -9 -10 11 12 -4 14 15 -14 17 -17 -19 -13 21 23 -23 -1 25 27 -27 28 29 -25
right_child=2 6 10 -5 5 -7 7 8 9 -11 -12 19 13 -15 -16 16 -18 18 -20 -21 -22 22 -24 24 -26 26 -28 -29 -30 -31
leaf_value=0.0087621595977780027 0.033656912246203666 -0.011117738897752659 -0.010205595831718442 -0.0088477443735068655 0.22854961978843957 0.088647334762097491 -0.0063499258633359854 0.15145000457397287 -0.0043612210378173233 0.12953906129275963 -0.017945863740703422 -0.02513045772889801 -0.015324016639560695 0.11530107608060532 -0.0057072544532514764 0.1720842573967398 0.00086915484820584824 0.10644083188282093 -0.0023190430392792303 -0.0010118581985476499 7.6690142655043159e-05 0.01945596660045559 0.16855550011598802 0.063756239593519934 -0.034253017423338479 0.044898855662692867 0.16013195636079583 0.015408909421955427 0.16290951250169772 0.011915700727906507
leaf_weight=19.782337587326765 8.105763625353573 69.324538603425026 12.595203682780264 13.357879240065815 1.902888424694537 4.0700686126947403 5.3864247538149339 1.6159987933933733 3.3518328256905079 1.526742912828922 120.06260495632887 38.64622139185667 2.651359096169478 2.6757285483181468 5.2652386128902426 1.9391714856028537 2.852394487708807 2.8443844690918922 1.56898508220911 34.660020109266043 10.209843665361403 2.7951881289482108 2.7125634886324406 12.250647272914653 2.0277137532830229 3.1599093899130812 1.8009020276367662 17.131567530333996 1.5219695568084706 7.5886310078203669
leaf_count=532 220 1880 345 366 51 110 146 44 91 41 3289 1059 73 73 143 53 78 78 43 946 275 75 73 332 52 84 48 460 41 204
internal_value=0.000954257 0.0119224 -0.00629375 0.0230217 0.0443761 0.133218 -0.00413393 0.0331365 0.0658854 0.0375427 -0.0106818 -0.0034412 0.0151569 0.0293025 0.0329772 0.0501565 0.0690173 0.099617 0.0677759 -0.0120791 0.026708 0.0343237 0.0928874 0.0293814 0.0383499 0.0417378 0.0867314 0.0359392 0.0524044 0.043927
internal_weight=415.385 162.187 253.198 27.4366 14.0787 5.97296 81.2055 11.881 6.49457 4.87858 225.761 105.699 32.3925 19.7973 17.1215 11.8563 9.20494 6.35254 4.41337 73.3062 80.9813 70.7714 5.50775 65.2637 45.4813 43.4536 4.96081 38.4928 21.3612 19.8393
internal_count=11305 4378 6927 747 381 161 2202 322 176 132 6180 2891 886 541 468 325 252 174 121 2005 2176 1901 148 1753 1221 1169 132 1037 577 536
cat_boundaries=0 2 4 6 7 9 10
cat_threshold=469819654 7 74483679 19 134219776 9 1118373944 3783410184 4 1618479129
is_linear=0
shrinkage=0.05


Tree=6
num_leaves=31
num_cat=14
split_feature=5 0 0 5 5 0 14 22 32 32 31 31 13 0 22 5 0 21 31 0 5 31 32 27 10 17 0 31 0 5
split_gain=15.2095 17.5935 11.3684 9.99508 8.96546 7.08301 6.78871 6.69243 5.98921 5.56771 5.10652 5.01005 4.87207 4.77866 4.72815 4.49889 6.03734 5.52772 4.49815 4.4809 5.63117 5.76814 5.57695 4.32395 4.1464 4.03061 4.00707 4.20674 3.76201 6.06255
threshold=0 1 2 3 4 5 2.5000000000000004 22.500000000000004 3.0219280719757085 3.0219280719757085 8.5000000000000018 73.500000000000014 3.5000000000000004 6 12.500000000000002 7 8 12.500000000000002 13.500000000000002 9 10 26.500000000000004 2.6841837167739873 1.5000000000000002 1.0000000180025095e-35 15.500000000000002 11 6.5000000000000009 12 13
decision_type=9 1 1 9 9 1 2 2 2 2 2 2 2 1 2 9 1 2 2 1 9 2 2 2 2 2 1 2 1 9
left_child=1 23 4 5 6 14 13 28 -8 10 -7 -11 19 -2 -4 17 -17 26 -18 20 25 -22 -21 -1 -23 -5 -3 -28 29 -6
right_child=2 15 3 12 7 9 8 -9 -10 11 -12 -13 -14 -15 -16 16 18 -19 -20 22 21 24 -24 -25 -26 -27 27 -29 -30 -31
leaf_value=0.0086137721293401848 0.0043069383190587392 -0.0014359426010281426 -0.028369579810855746 0.0090965754565926257 0.012524644679026205 0.0015745430265317684 -0.0096909187378155549 0.021250677858935821 0.014880256472392564 0.005410404589117004 0.024811528503196012 -0.015214816278454894 0.013992383220288932 -0.014088646342811881 -0.0030755149947831063 -0.012510205439117631 0.016319978982102305 -0.023366212662851549 -0.0036136915511790499 0.01147672851192718 -0.018763355376549291 0.0072144126423250091 -0.0093307047344474477 0.018420835037606054 -0.017502963148842476 -0.018340903996977267 -0.0078703650794371641 0.013550274778687818 0.0007466931621472546 -8.9387331237863747e-05
leaf_weight=249.28761658072472 44.205233663320541 139.78650733828545 20.605486392974854 125.16528603434563 215.14248770475388 37.470551788806915 41.586434185504913 54.339390069246292 61.441131979227066 179.49716600775719 64.070096254348755 35.220455646514893 28.474424779415131 166.69595411419868 178.72274994850159 127.75552669167519 41.216962784528732 17.984476059675217 90.311699867248535 33.347688883543015 70.077499032020569 62.952797949314117 938.36931797862053 204.6724548637867 23.227269202470779 14.987922221422194 26.984880447387695 152.16878935694695 621.51399305462837 174.62356445193291
leaf_count=665 118 373 55 334 574 100 111 145 164 479 171 94 76 445 477 341 110 48 241 89 187 168 2505 546 62 40 72 406 1659 466
internal_value=0.000238405 0.00542813 -0.00148152 -0.00407661 0.00193223 0.00180698 -0.00538606 0.00411821 0.00496225 0.00638744 0.0162366 0.00202722 -0.00641212 -0.0106967 -0.00541844 -0.000268578 -0.00511374 0.00349999 0.00244686 -0.00692084 -0.00131713 -0.00762232 -0.00852886 0.0127544 0.00055258 0.00575201 0.00512467 0.00977802 0.00323835 0.00701242
internal_weight=4241.91 1050.17 3191.74 1812.19 1379.55 515.587 313.929 1065.62 103.028 316.258 101.541 214.718 1296.6 210.901 199.328 596.209 259.284 336.925 131.529 1268.13 296.411 156.258 971.717 453.96 86.1801 140.153 318.94 179.154 1011.28 389.766
internal_count=11321 2802 8519 4837 3682 1376 838 2844 275 844 271 573 3461 563 532 1591 692 899 351 3385 791 417 2594 1211 230 374 851 478 2699 1040
cat_boundaries=0 2 4 5 6 8 10 11 13 15 16 18 19 20 21
cat_threshold=138555397 6 1427014246 19 2238265717 1132495616 110118400 1 1342178440 28 8209 4329476 4 2723178880 4 1342178824 335547530 16 2281782289 18939956 2418083896
is_linear=0
shrinkage=0.05


Tree=7
num_leaves=31
num_cat=12
split_feature=5 33 33 32 5 5 3 33 10 31 5 20 5 25 21 7 10 6 7 7 22 27 22 3 5 24 27 27 21 3
split_gain=15.7427 8.78916 8.71228 10.436 7.24399 6.97312 5.85298 5.04622 4.95236 4.83023 4.39519 4.05663 4.82639 4.71436 4.3845 4.63448 4.47345 4.05418 4.04437 5.58458 4.83739 4.03936 4.22797 3.9654 3.92475 3.90241 4.16086 3.65717 5.03381 4.34262
threshold=0 1 2 2.6841837167739873 3 4 5 6 1.0000000180025095e-35 7.5000000000000009 7 3.5000000000000004 8 1.5000000000000002 9.5000000000000018 2.5000000000000004 1.0000000180025095e-35 19.500000000000004 11.500000000000002 14.500000000000002 14.500000000000002 1.5000000000000002 16.500000000000004 9 10 2.5000000000000004 2.5000000000000004 1.5000000000000002 7.5000000000000009 11
decision_type=9 1 1 2 9 9 1 1 2 2 9 2 9 2 2 2 2 2 2 2 2 2 2 1 9 2 2 2 2 1
left_child=1 11 3 9 6 8 -4 10 -5 -2 23 13 14 -1 -13 -16 -17 -14 25 21 -21 22 -20 -6 -9 -8 -27 28 -3 -30
right_child=2 27 4 5 7 -7 18 24 -10 -11 -12 12 17 -15 15 16 -18 -19 19 20 -22 -23 -24 -25 -26 26 -28 -29 29 -31
leaf_value=0.010991840714125876 -0.0022919146450560246 0.0092628017543785121 0.008832297346794752 0.0055874931996488146 -0.0065471727978747441 0.010548513843104679 -0.0087515368936315618 0.0012858347379803255 -0.0078480366589225026 -0.037867080881836206 -0.0068278411378055476 -0.013189208965418937 -0.010487006809331794 -0.0068528046580668403 -0.021432190693289256 0.021307084769327481 -0.0046725455008889754 -0.023628733469610336 0.0035605799285234742 0.0076464996777441943 -0.009862522365709895 -0.0032025572516530586 0.024900859626459174 0.01051005537735313 0.0099354224597016511 0.01022294166825128 -0.010519652076731015 -0.0044579838563131051 0.0064824871664867431 -0.0059545846332533991
leaf_weight=44.208400994539261 19.86228483915329 163.38662219047546 89.589302182197571 203.52631229162216 44.948724269866943 560.75641024112701 445.49612435698509 240.54439872503281 103.44874528050423 18.362316489219666 171.23672297596931 72.681416839361191 119.47472617030144 227.38358932733536 14.986002713441847 35.968533515930176 30.723162442445755 115.34395381808281 47.969728112220764 53.587679356336594 149.50607031583786 55.075276166200638 44.966489344835281 91.841453403234482 316.27399742603302 61.820733577013016 39.704098165035248 369.44204789400101 98.543291181325912 191.47972729802132
leaf_count=118 53 436 239 543 120 1496 1189 642 276 49 457 194 319 607 40 96 82 308 128 143 399 147 120 245 844 165 106 986 263 511
internal_value=-0.000106233 -0.00424288 0.00212627 0.00611941 0.000151131 0.00731328 -0.00276179 0.00347144 0.00102637 -0.0193815 -0.00165664 -0.00850905 -0.0119106 -0.00394814 -0.00399713 0.00369313 0.00933893 -0.0162502 -0.00400284 0.000140624 -0.00524265 0.00752727 0.0138859 0.00484093 0.00628743 -0.0067355 0.00211098 -0.000756013 0.00224371 -0.00171055
internal_weight=4242.14 1483.62 2758.52 905.956 1852.56 867.731 987.716 864.845 306.975 38.2246 308.027 660.77 389.178 271.592 154.359 81.6777 66.6917 234.819 898.126 351.105 203.094 148.011 92.9362 136.79 556.818 547.021 101.525 822.852 453.41 290.023
internal_count=11321 3960 7361 2417 4944 2315 2636 2308 819 102 822 1764 1039 725 412 218 178 627 2397 937 542 395 248 365 1486 1460 271 2196 1210 774
cat_boundaries=0 2 3 5 7 8 9 11 13 14 15 17 18
cat_threshold=146977029 6 205013510 2489320020 8 4110485666 1 2197832280 256 1122560 4 542216 16 12587264 514 34079752 16 3266
is_linear=0
shrinkage=0.05


Tree=8
num_leaves=31
num_cat=5
split_feature=5 33 18 21 20 17 7 14 28 7 7 22 33 32 7 14 5 20 17 24 22 16 33 19 27 7 28 14 17 26
split_gain=10.6529 10.0614 7.92375 7.08179 6.79578 8.08688 8.62392 5.48451 14.0567 8.99848 16.1939 5.18431 4.81349 4.28841 4.24569 4.44896 4.00634 4.61895 7.71 6.03015 11.9346 8.58887 4.41929 4.16899 11.1718 5.6104 3.8931 13.122 6.67365 3.50627
threshold=0 1 23.500000000000004 11.500000000000002 2.5000000000000004 8.5000000000000018 15.500000000000002 1.5000000000000002 1.5000000000000002 6.5000000000000009 2.5000000000000004 11.500000000000002 2 2.7841837406158452 12.500000000000002 2.5000000000000004 3 5.5000000000000009 14.500000000000002 1.5000000000000002 18.500000000000004 5.5000000000000009 4 1.5000000000000002 1.5000000000000002 6.5000000000000009 1.5000000000000002 3.5000000000000004 9.5000000000000018 4.5000000000000009
decision_type=9 1 2 2 2 2 2 2 2 2 2 2 1 2 2 2 9 2 2 2 2 2 1 2 2 2 2 2 2 2
left_child=1 2 3 4 11 -6 7 -7 -9 10 -10 29 26 -4 15 -14 -3 22 19 20 -19 -21 -18 24 25 -24 27 28 -2 -1
right_child=12 16 13 -5 5 6 -8 8 9 -11 -12 -13 14 -15 -16 -17 17 18 -20 21 -22 -23 23 -25 -26 -27 -28 -29 -30 -31
leaf_value=0.00022461971650470064 0.082881026463442017 -0.011859191170296188 0.066521602753140854 -0.034207806580160864 -0.03421974279311072 0.013142924359469066 0.15555609628421155 0.18284842918558719 -0.006059743072157061 -0.0077032203209670596 0.20433563887833459 -0.034214434633264124 -0.0015488141906047942 0.0044008845988379565 -0.031446455843716123 -0.02592354047792951 -0.0086576712507539389 -0.0039214361085319512 -0.034225634552238565 -0.034201432476714193 0.17005573836865234 0.083274478376401201 0.074397095568324634 0.0060790501749043635 0.12867608122611598 -0.034208437486400005 -0.0063496494306992911 0.1589691850187035 -0.0038602123750199886 0.073584434404790233
leaf_weight=2.90335307270289 2.5622003898024621 52.342557419091463 2.9779018126428118 2.8314057216048232 1.8087083213031316 4.2219023406505611 2.8981747701764098 2.5335555076599103 1.7754590027034285 3.7737832292914391 1.8861875645816324 3.4517440013587475 49.025753870606422 41.428222849965096 36.585508618503809 30.284942045807838 50.368122138082981 1.650468997657297 3.3694939613342276 3.2575570531189442 2.4475081600248814 2.9784848093986511 1.8410252109169949 26.055022984743118 2.7624340616166592 3.3582422733306885 53.879841692745686 1.552834678441285 16.479730598628521 3.7103347070515156
leaf_count=77 69 1440 79 76 48 111 77 66 47 102 49 92 1349 1099 1012 839 1363 44 89 88 64 78 48 691 73 90 1476 41 446 98
internal_value=-0.00134445 0.00590535 0.0196333 0.0412644 0.0486425 0.0663182 0.0769592 0.0609075 0.0811359 0.0464783 0.102319 0.0154564 -0.00977204 0.00856674 -0.0159775 -0.0108564 -0.00183885 0.00411075 0.0314544 0.05287 0.0999861 0.0219079 0.000157473 0.0121757 0.0474203 0.00424804 0.000633058 0.0192085 0.00781132 0.0413801
internal_weight=417.002 226.632 76.2007 31.7946 28.9632 18.8978 17.0891 14.1909 9.96899 7.43543 3.66165 10.0654 190.371 44.4061 115.896 79.3107 150.431 98.0884 13.7035 10.334 4.09798 6.23604 84.3848 34.0167 7.9617 5.19927 74.4746 20.5948 19.0419 6.61369
internal_count=11321 6089 2021 843 767 500 452 375 264 198 96 267 5232 1178 3200 2188 4068 2628 363 274 108 166 2265 902 211 138 2032 556 515 175
cat_boundaries=0 2 3 5 6 8
cat_threshold=1570881942 7 2153783555 2315327557 6 1101086736 404243012 4
is_linear=0
shrinkage=0.05


Tree=9
num_leaves=31
num_cat=5
split_feature=33 21 20 34 31 3 7 3 21 18 10 31 21 6 33 31 26 16 16 16 31 32 25 33 9 16 26 19 31 6
split_gain=9.88664 5.87462 7.66766 6.99155 5.89859 5.01712 4.70559 6.83992 4.54321 5.6524 4.26908 4.0869 5.24049 3.66552 3.36268 4.68731 4.13367 6.13705 5.16492 3.44194 3.29868 3.29866 3.23542 4.99589 4.00343 4.18234 3.06465 3.6499 3.91059 3.20077
threshold=0 7.5000000000000009 5.5000000000000009 0.042353175580501563 3.5000000000000004 1 14.500000000000002 2 12.500000000000002 20.500000000000004 1.0000000180025095e-35 112.50000000000001 5.5000000000000009 4.5000000000000009 3 13.500000000000002 3.5000000000000004 7.5000000000000009 3.5000000000000004 6.5000000000000009 29.500000000000004 3.0219280719757085 1.5000000000000002 4 1.0000000180025095e-35 3.5000000000000004 6.5000000000000009 2.5000000000000004 16.500000000000004 28.500000000000004
decision_type=1 2 2 2 2 1 2 1 2 2 2 2 2 2 1 2 2 2 2 2 2 2 2 1 2 2 2 2 2 2
left_child=1 5 4 -4 21 11 14 13 9 -5 -10 12 -1 -8 15 -6 18 20 -16 -20 -18 -3 23 -2 25 -25 27 28 -9 -29
right_child=22 2 3 8 6 -7 7 26 10 -11 -12 -13 -14 -15 16 -17 17 -19 19 -21 -22 -23 -24 24 -26 -27 -28 29 -30 -31
leaf_value=0.013486301547722216 -0.00049143706393185249 0.010436729747883074 -0.019192112905782828 -0.023900786318129388 -0.01100945399545052 -0.0061015801160948652 0.017410546419074878 0.0030766721322431521 -0.031200111651664475 0.0076200922871699443 -0.0013069082601588832 0.024454229341602199 -0.0027643129082607376 -0.0029116499400107074 0.023498173561205191 0.0025298054151838435 0.0061459738705315209 -0.012622750358528717 -0.010776660585896387 0.010460027400079817 0.016043987820729629 0.03001260845767242 -0.0018814082013721475 -0.0059954040329259243 -0.0050862157316370902 -0.030421606266245155 0.035455931985936884 0.020036715126998755 0.032202392639744538 -0.010409644949606696
leaf_weight=66.339362055063248 141.95119345188141 56.228093147277832 56.937036514282227 15.738416790962217 88.078508138656616 319.57569780945778 28.864531844854355 16.112240672111511 19.107795119285583 147.66143080592155 31.853909134864807 20.610807687044144 196.73162668943405 95.940216720104218 16.864119082689285 233.11643037199974 220.76471814513206 32.982397884130478 88.061846166849136 24.356845051050186 136.04937025904655 34.861991405487061 1904.6225695610046 26.229123651981354 58.801194161176682 52.806321293115616 26.235434949398041 15.742430806159971 40.47668594121933 19.112388223409653
leaf_count=177 379 150 152 42 235 853 77 43 51 394 85 55 525 256 45 622 589 88 235 65 363 93 5085 70 157 141 70 42 108 51
internal_value=-0.000273347 0.00221716 0.00395798 -0.0036178 0.00570889 -0.00191637 0.00468086 0.0108168 0.000518926 0.00458405 -0.0125152 0.00291086 0.00133365 0.00165575 0.00291017 -0.00114723 0.00534003 0.00801254 -0.00230474 -0.00617548 0.00991998 0.0179288 -0.002607 -0.00763956 -0.0139531 -0.0223154 0.0187947 0.0160699 0.0239096 0.00334167
internal_weight=4232.81 2048.4 1445.15 271.299 1173.85 603.257 1082.76 242.484 214.362 163.4 50.9617 283.682 263.071 124.805 840.274 321.195 519.079 389.796 129.283 112.419 356.814 91.0901 2184.41 279.788 137.837 79.0354 117.679 91.4437 56.5889 34.8548
internal_count=11298 5466 3856 724 3132 1610 2889 647 572 436 136 757 702 333 2242 857 1385 1040 345 300 952 243 5832 747 368 211 314 244 151 93
cat_boundaries=0 2 3 4 6 7
cat_threshold=137910786 4 4321 4294 2099202 4 2483101700
is_linear=0
shrinkage=0.05


Tree=10
num_leaves=31
num_cat=14
split_feature=5 33 21 5 3 33 5 5 3 16 22 25 28 14 32 33 25 7 10 28 15 33 7 5 28 5 3 5 17 10
split_gain=17.2408 7.91716 7.86948 7.4818 7.03387 6.44197 6.01175 5.48157 6.94563 5.94262 5.2963 5.29522 6.2862 4.98067 5.0948 4.8065 4.49979 5.55859 5.12466 4.489 5.04098 4.88444 5.03507 4.93448 4.5823 4.43852 5.31239 5.58732 5.1642 4.66133
threshold=0 1 9.5000000000000018 2 3 4 5 6 7 7.5000000000000009 12.500000000000002 3.5000000000000004 1.5000000000000002 1.5000000000000002 2.8841837644577031 8 2.5000000000000004 9.5000000000000018 1.0000000180025095e-35 2.5000000000000004 4.5000000000000009 9 4.5000000000000009 10 1.5000000000000002 11 12 13 16.500000000000004 1.0000000180025095e-35
decision_type=9 1 2 9 1 1 9 9 1 2 2 2 2 2 2 1 2 2 2 2 2 1 2 9 2 9 1 9 2 2
left_child=5 7 6 15 -5 -1 11 -2 9 13 -10 12 -3 -9 -15 16 -4 -18 -19 20 21 23 -23 -8 -25 29 27 -27 -28 -7
right_child=1 2 3 4 -6 25 19 8 10 -11 -12 -13 -14 14 -16 -17 17 18 -20 -21 -22 22 -24 24 -26 26 28 -29 -30 -31
leaf_value=0.0010426967224373969 -0.0041077807495522615 0.0079281554739037887 -0.011198695396146888 0.01401084653250537 -0.0024568544534548506 -0.013084625367104939 0.0088222874581565906 -0.0047106869842083367 -0.030815102043820642 0.036882209902605982 -0.0010023317828238051 0.0045290923512984749 0.02801294713612535 -0.0086291581375602666 0.014728789300534126 -0.015253519393668145 0.021951464459532312 0.010028756450406247 -0.027169449432236967 0.012068769620116097 -0.022022046063300039 -0.0063122191203822458 0.012833238173962806 0.0020983126351778289 -0.021606958879916375 -0.0038367754317707582 -0.0068180600774206028 0.0085295502672497452 0.014587450335275262 -0.0012088770562471065
leaf_weight=707.81652602553368 426.33466336131096 59.605982065200806 50.958211421966553 134.96798613667488 118.04076647758484 276.25174787640572 43.855446189641953 65.596521347761154 16.110643535852432 17.993787884712219 197.80548283457756 67.479075700044632 112.46021866798401 27.353673249483109 159.30696722865105 77.182215183973312 36.722752630710602 22.487508535385132 15.739466816186903 199.01451042294502 19.489759862422943 43.09702405333519 169.02860990166664 35.239709585905075 48.365257889032364 187.27856740355492 588.00599846243858 161.87150073051453 29.594960778951645 117.88936293125153
leaf_count=1889 1138 159 136 360 315 738 117 175 43 48 528 180 300 73 425 206 98 60 42 531 52 115 451 94 129 500 1570 432 79 315
internal_value=0.000430758 0.00354163 0.0061108 0.000920969 0.00652658 -0.00282722 0.00915503 -2.39863e-05 0.00358237 0.00879571 -0.00310258 0.0157427 0.0210553 0.00714095 0.0113059 -0.00608425 0.000245326 0.00805883 -0.00528713 0.00593893 0.00270692 0.00412618 0.00854087 -0.00360798 -0.0103743 -0.00483294 -0.00293654 0.00197431 -0.00570003 -0.00929666
internal_weight=4232.94 2164.24 1253.73 456.099 253.009 2068.71 797.636 910.502 484.167 270.251 213.916 239.545 172.066 252.257 186.661 203.09 125.908 74.9497 38.227 558.09 359.076 339.586 212.126 127.46 83.605 1360.89 966.751 349.15 617.601 394.141
internal_count=11298 5775 3345 1217 675 5523 2128 2430 1292 721 571 639 459 673 498 542 336 200 102 1489 958 906 566 340 223 3634 2581 932 1649 1053
cat_boundaries=0 2 4 6 7 9 11 13 14 16 17 18 20 21 23
cat_threshold=323694901 6 104335875 4 673219074 25 1324 2517633105 10 69222912 25 3430976000 16 249 2420203520 8 2151747904 679510080 143364 2 5896 301990144 4
is_linear=0
shrinkage=0.05


Tree=11
num_leaves=31
num_cat=6
split_feature=5 0 20 0 25 18 20 18 32 23 5 25 21 25 22 22 34 21 16 7 22 5 10 25 7 13 24 15 32 4
split_gain=17.0683 18.3575 11.0123 8.86552 6.53605 10.4398 15.5234 8.51379 6.69507 16.3702 5.44365 6.36395 5.5513 8.86456 6.36748 21.5674 6.71171 5.36206 5.30852 4.04073 3.80867 5.42158 6.86649 7.66063 7.4762 3.55523 3.59335 7.65334 5.8959 8.92372
threshold=0 1 6.5000000000000009 2 1.5000000000000002 23.500000000000004 4.5000000000000009 20.500000000000004 2.7841837406158452 1.5000000000000002 3 3.5000000000000004 9.5000000000000018 2.5000000000000004 19.500000000000004 20.500000000000004 0.046028736978769309 1.5000000000000002 5.5000000000000009 6.5000000000000009 13.500000000000002 4 1.0000000180025095e-35 1.5000000000000002 4.5000000000000009 3.5000000000000004 1.5000000000000002 2.5000000000000004 3.2219280004501347 5
decision_type=9 1 2 1 2 2 2 2 2 2 9 2 2 2 2 2 2 2 2 2 2 9 2 2 2 2 2 2 2 1
left_child=1 4 -3 10 5 7 -7 -1 9 -6 11 12 13 -2 -14 -16 -17 -10 19 -15 21 22 23 -5 -25 26 27 28 29 -12
right_child=3 2 -4 20 8 6 -8 -9 17 -11 25 -13 14 18 15 16 -18 -19 -20 -21 -22 -23 -24 24 -26 -27 -28 -29 -30 -31
leaf_value=0.052000600313590641 -0.011984596509579191 -0.012506069744314391 0.1009156519368168 0.15179653352365377 0.17759740255999354 -0.014959416606248187 0.14172437923849646 0.20120447454200235 0.10617472201056975 0.00024365943418197685 0.13357670938673452 -0.0096529793006371409 0.023522690683143249 0.077315431504322241 0.25168258911933589 0.098679464412340989 -0.034241744096318215 0.017967941428011319 0.09701626322242192 -0.017560633883497778 -0.019577124654538716 -0.015972139095204483 -0.034182278602866947 0.11729285654109965 0.005812360047430889 0.068897486528160065 -0.022417724593152583 -0.017534380302135073 -0.019247077090906336 0.019194945945180994
leaf_weight=1.739211350679396 13.497984889894724 59.914251822978258 2.2193197607994071 1.6129837930202473 2.3602358102798453 5.1903811097145081 2.2731090113520622 2.1233968697488308 1.780113898217677 2.8994635753333569 2.6817193254828453 16.293631285429001 6.9285272881388646 1.7932804971933363 1.5739711225032804 1.8810851387679579 1.918058432638645 53.634836602956057 3.8097136132419109 2.9990793354809284 143.829136621207 14.269972834736111 3.0059314556419841 1.9803553260862807 6.2511193454265594 1.4543398357927788 29.760930337011814 17.996342469006777 3.3397160582244396 4.6827414222061652
leaf_count=45 362 1620 57 44 61 137 59 54 45 75 71 441 186 48 42 50 50 1402 101 79 3994 398 83 54 173 38 826 486 89 128
internal_value=-0.00160298 0.0125539 -0.00728271 -0.00849154 0.0284726 0.0672947 0.0327608 0.134023 0.0259184 0.0798293 0.00262742 0.0134376 0.0282801 0.0132949 0.0552012 0.0960501 0.0315721 0.0208014 0.0529624 0.0179416 -0.0154336 0.000850566 0.0179739 0.0521573 0.0326327 -0.00713296 -0.0102445 0.00237855 0.0358571 0.0608463
internal_weight=415.695 134.134 62.1336 281.561 72.0007 11.3261 7.46349 3.86261 60.6746 5.2597 110.611 50.6953 34.4017 22.1001 12.3016 5.37311 3.79914 55.415 8.60207 4.79236 170.949 27.1204 12.8504 9.84446 8.23147 59.9158 58.4614 28.7005 10.7042 7.36446
internal_count=11298 3555 1677 7743 1878 295 196 99 1583 136 2997 1359 918 590 328 142 100 1447 228 127 4746 752 354 271 227 1638 1600 774 288 199
cat_boundaries=0 2 4 6 7 9 10
cat_threshold=335587590 2 508602319 9 1228950161 15 174276656 3383366720 4 2
is_linear=0
shrinkage=0.05


Tree=12
num_leaves=31
num_cat=16
split_feature=0 5 5 0 5 31 0 24 0 5 26 5 0 31 21 0 21 5 7 13 14 17 5 17 21 5 31 5 31 0
split_gain=9.93573 15.6663 12.8604 6.24607 5.42251 6.3772 5.32747 4.65592 5.12917 4.44611 4.34666 4.03408 8.92426 6.82235 6.61916 5.31079 8.26471 4.97417 5.9093 4.5666 4.86479 4.02751 3.97677 6.45093 5.78526 3.68837 3.52697 3.65809 4.45115 3.42242
threshold=0 1 2 3 4 110.50000000000001 5 2.5000000000000004 6 7 2.5000000000000004 8 9 10.500000000000002 10.500000000000002 10 4.5000000000000009 11 13.500000000000002 2.5000000000000004 3.5000000000000004 13.500000000000002 12 12.500000000000002 10.500000000000002 13 94.500000000000014 14 5.5000000000000009 15
decision_type=1 9 9 1 9 2 1 2 1 9 2 9 1 2 2 1 2 9 2 2 2 2 9 2 2 9 2 9 2 1
left_child=2 3 7 -2 5 -3 22 8 9 -1 21 12 13 14 -4 25 -17 -18 -19 20 -14 -8 23 -6 -25 -13 27 29 -29 -12
right_child=1 4 11 -5 6 -7 10 -9 -10 -11 26 15 19 -15 -16 16 17 18 -20 -21 -22 -23 -24 24 -26 -27 -28 28 -30 -31
leaf_value=-0.006039917097292671 0.011489429222717017 -0.0066213084178598615 0.030965714804587399 -0.00026803834241702801 -0.020108751843002277 -0.028801147599761184 -0.0033419933586104631 -0.013884951423872895 -0.0044063358475085425 0.013323370181998574 -0.00065819110988495869 -0.0066975434608433446 0.016697764215088041 -0.0035071050663544982 -0.0060110898306928156 -0.032948825985562619 0.0073997172404404975 0.0011754917246238543 -0.015811858280146782 0.034026212832531287 -0.0091991400510576353 -0.03162901435505832 -0.0010504574620149793 -0.0089140348713680952 0.01880759387978451 0.0086383662382758571 0.016759059921626924 -0.021716232673595879 -0.0011902595664379039 0.0091293132493304036
leaf_weight=39.681027501821518 243.61813798546791 668.26125749945641 32.984379172325134 212.06229215860367 107.80978831648827 34.059823393821716 40.066627711057663 89.900455594062805 370.12713485956192 82.424492955207825 180.53183376789093 38.59749698638916 174.31174486875534 155.52165025472641 19.117350310087204 18.731749027967453 168.64816871285439 184.74509084224701 70.8193539083004 33.359561443328857 20.240333050489426 18.345057994127274 204.44255349040031 87.600618779659271 23.969987839460373 418.99948623776436 38.193867534399033 30.330240219831467 204.46303531527519 171.92930799722672
leaf_count=106 650 1785 88 566 288 91 107 240 988 220 482 103 465 415 51 50 450 493 189 89 54 49 546 234 64 1118 102 81 546 459
internal_value=0.000166359 -0.00207197 0.00280632 0.00612954 -0.00415908 -0.00758889 -0.00193599 -0.00336393 -0.00151073 0.00704994 0.000806237 0.00549974 0.00947302 0.001659 0.0173981 0.00349518 -0.000436836 0.000988482 -0.00339887 0.0162225 0.0140036 -0.012226 -0.00627731 -0.0108901 -0.00295828 0.00722924 0.00203623 0.00107868 -0.00368483 0.00423627
internal_weight=4183.89 2265.68 1918.21 455.68 1810 702.321 1107.68 582.133 492.233 122.106 683.86 1336.08 435.535 207.623 52.1017 900.541 442.944 424.213 255.564 227.912 194.552 58.4117 423.823 219.38 111.571 457.597 625.448 587.254 234.793 352.461
internal_count=11169 6050 5119 1216 4834 1876 2958 1554 1314 326 1826 3565 1162 554 139 2403 1182 1132 682 608 519 156 1132 586 298 1221 1670 1568 627 941
cat_boundaries=0 2 4 6 8 10 12 13 15 17 18 19 21 22 23 24 25
cat_threshold=3584984628 1 571084800 6 647578690 12 574644233 22 1478518916 1 173031424 22 2147485200 537411648 8 1214390276 1 2426406420 3296757284 285247488 2 2231370027 16809984 2232418651 75907
is_linear=0
shrinkage=0.05


Tree=13
num_leaves=31
num_cat=6
split_feature=0 21 20 21 25 0 0 19 25 0 20 19 24 20 7 28 18 22 15 0 18 22 6 28 22 16 0 31 31 31
split_gain=9.95809 5.04912 7.85474 6.36317 4.92818 5.59633 4.9177 4.38196 4.2948 6.45419 5.21544 4.05006 3.66061 3.43482 3.41338 3.0059 4.44581 6.26664 3.20895 3.17363 3.10933 3.10132 2.80843 4.00883 2.73276 5.14431 2.65299 5.83775 3.15595 3.1552
threshold=0 10.500000000000002 5.5000000000000009 12.500000000000002 2.5000000000000004 1 2 3.5000000000000004 5.5000000000000009 3 3.5000000000000004 3.5000000000000004 1.5000000000000002 6.5000000000000009 9.5000000000000018 2.5000000000000004 22.500000000000004 20.500000000000004 3.5000000000000004 4 24.500000000000004 19.500000000000004 24.500000000000004 1.5000000000000002 15.500000000000002 4.5000000000000009 5 58.500000000000007 40.500000000000007 4.5000000000000009
decision_type=1 2 2 2 2 1 1 2 2 1 2 2 2 2 2 2 2 2 2 1 2 2 2 2 2 2 1 2 2 2
left_child=1 4 3 15 5 24 -4 26 -2 -10 -11 -8 -5 -13 -12 16 21 18 22 -17 -21 -3 23 -18 25 -1 27 28 29 -6
right_child=8 2 6 12 7 -7 11 -9 9 10 14 13 -14 -15 -16 19 17 -19 -20 20 -22 -23 -24 -25 -26 -27 -28 -29 -30 -31
leaf_value=0.0016561772817392342 -0.0027688501830107426 -0.04674141730337121 -0.001773782882086147 0.026850561053835917 -0.008428987942137341 0.0022557143440511368 0.0061854676343758141 -0.011904974335238891 0.020431711979000924 0.018373374742110937 -0.0010710036805390113 0.048240662531855251 -0.0024329646881916522 0.015199671899814457 -0.030896585028876867 -0.01136675432415315 -0.022180660491761747 -0.029496124389495337 -0.017733713124948439 0.025679797348882566 -0.0033107496941638514 -0.017002805765586285 0.021428922441427894 0.014384190028998094 0.0086871706826161157 0.024942591831060072 3.037074230643163e-05 0.022290841107451203 -0.013043580962604343 0.0074623068535793194
leaf_weight=32.611183345317841 2281.6235462725163 16.480963855981827 83.919970005750656 18.365432769060135 36.730792075395584 282.2015714943409 32.610000431537628 56.205032408237457 40.838614761829376 16.854366958141327 20.583838194608688 15.366196870803835 25.475838959217072 16.114390909671783 17.96537059545517 43.080899685621262 14.991543859243393 29.592943072319031 22.107418715953827 15.363930881023405 23.238313406705856 18.730210781097412 17.23910841345787 14.992468625307083 166.77848902344704 86.962015450000763 454.15712761878967 47.606878101825714 26.609803318977356 208.78087732195854
leaf_count=87 6092 44 224 49 98 753 87 150 109 45 55 41 68 43 48 115 40 79 59 41 62 50 46 40 445 232 1212 127 71 557
internal_value=-0.000201276 0.00258987 -0.00229223 -0.00753217 0.0040314 0.00761762 0.00690034 0.00157509 -0.00232266 0.00801392 -0.00408911 0.0160333 0.00983412 0.0313275 -0.0149708 -0.01106 -0.0156647 -0.0102339 -0.00201208 -0.00349829 0.00653481 -0.0309223 0.00534797 -0.00389767 0.0123904 0.0185917 0.00255411 0.00595185 0.00331211 0.00508482
internal_weight=4184.18 1806.31 407.67 259.659 1398.64 568.553 148.011 830.091 2377.87 96.2422 55.4036 64.0906 43.8413 31.4806 38.5492 215.818 134.135 98.9235 69.3305 81.6831 38.6022 35.2112 47.2231 29.984 286.352 119.573 773.885 319.728 272.121 245.512
internal_count=11169 4820 1088 693 3732 1517 395 2215 6349 257 148 171 117 84 103 576 358 264 185 218 103 94 126 80 764 319 2065 853 726 655
cat_boundaries=0 2 4 6 8 10 11
cat_threshold=177304009 26 176185536 2 167862528 18 2707424258 1 167776520 10 168902728
is_linear=0
shrinkage=0.05


Tree=14
num_leaves=31
num_cat=4
split_feature=0 5 5 21 25 34 32 10 26 23 5 26 34 14 34 25 15 25 22 32 31 7 26 31 22 15 31 34 22 6
split_gain=13.7632 15.7881 7.5455 6.50735 6.93256 11.2384 5.49809 7.58194 5.29944 7.83239 6.68576 8.75585 8.17171 6.95294 5.63288 4.59019 6.02108 4.48157 10.4791 9.12697 8.33378 15.6489 15.494 7.56568 6.32229 4.54588 6.29595 4.45307 6.3593 4.43942
threshold=0 1 2 8.5000000000000018 1.5000000000000002 0.042884616181254394 2.7841837406158452 1.0000000180025095e-35 8.5000000000000018 1.5000000000000002 3 4.5000000000000009 0.041328234598040588 2.5000000000000004 0.051836926490068443 3.5000000000000004 1.5000000000000002 2.5000000000000004 17.500000000000004 3.2219280004501347 17.500000000000004 8.5000000000000018 3.5000000000000004 109.50000000000001 14.500000000000002 3.5000000000000004 27.500000000000004 0.046546151861548431 11.500000000000002 16.500000000000004
decision_type=1 9 9 2 2 2 2 2 2 2 9 2 2 2 2 2 2 2 2 2 2 2 2 2 2 2 2 2 2 2
left_child=1 6 -2 -4 5 -5 7 -1 10 -10 11 12 -6 -14 -13 17 -17 20 19 27 21 -8 -23 25 -21 -22 -27 28 -19 -7
right_child=2 -3 3 4 8 29 15 -9 9 -11 -12 14 13 -15 -16 16 -18 18 -20 24 23 22 -24 -25 -26 26 -28 -29 -30 -31
leaf_value=0.032224893974761915 -0.014220430474857899 -0.0062816981295082328 -0.0095104527695706181 0.15690543018265307 -0.034206459444886622 0.072823249521540831 -0.01497029836858761 0.14950493839936116 -0.0092153869505297182 0.12812062425854059 -0.011188684724136345 -0.0060177085862362272 0.11424526123491363 -0.0032340086771818367 0.094136463184702687 0.074533116027573662 -0.0046421750695377515 0.11456747124892785 0.0086286874525810433 0.081288207694827003 -0.0089912586315607883 0.032075153903162408 0.25056185541780579 0.089078833567339047 0.2150293259708895 0.11132268295944946 0.0070012933417104963 0.11853732804414574 8.0841343222223816e-05 -0.018267372010793977
leaf_weight=3.7587172389030448 137.39781628921628 64.930594608187675 58.754004780203104 2.0926984921097747 1.6679390706121937 2.3352732472121716 2.5927129387855521 2.175791896879673 2.001898515969514 2.1565004400908947 30.963869784027338 14.193852804601191 5.7244073003530502 1.6147337481379507 1.5579852275550354 2.7573229074478176 18.593785613775253 1.6792726628482357 8.1599752455949766 1.7311000339686864 19.791338216513402 1.5088822171092036 1.7554943822324274 2.8370179720222941 1.8050812594592569 2.0609008409082881 4.8496513515710831 1.9635638333857057 4.3678475804626942 3.1308195032179356
leaf_count=94 3819 1765 1615 55 45 62 67 52 55 60 860 387 150 44 41 70 494 41 209 45 510 41 45 71 46 54 127 51 112 82
internal_value=0.000355659 0.0121237 -0.00643711 0.00245914 0.0132517 0.0583726 0.0257389 0.0752237 0.00755614 0.0620056 0.00349277 0.0187854 0.0656939 0.0883979 0.00388836 0.0252644 0.00558267 0.0328906 0.0520008 0.0826512 0.0222509 0.076735 0.149571 0.0114475 0.149558 0.00319939 0.0381126 0.0531164 0.0318735 0.0206492
internal_weight=410.911 147.319 263.592 126.194 67.44 7.55879 82.3885 5.93451 59.8812 4.1584 55.7228 24.7589 9.00708 7.33914 15.7518 76.4539 21.3511 55.1028 19.7068 11.5469 35.396 5.85709 3.26438 29.5389 3.53618 26.7019 6.91055 8.01068 6.04712 5.46609
internal_count=11169 3894 7275 3456 1841 199 2129 146 1642 115 1527 667 239 194 428 1983 564 1419 504 295 915 153 86 762 91 691 181 204 153 144
cat_boundaries=0 2 4 6 8
cat_threshold=608209795 13 2107729974 3 2067351644 20 67274528 1
is_linear=0
shrinkage=0.05


Tree=15
num_leaves=31
num_cat=16
split_feature=5 0 0 32 31 0 16 0 0 21 0 5 5 0 28 5 31 5 27 17 22 0 5 11 26 14 7 4 0 20
split_gain=15.2417 13.7404 8.56965 8.33213 5.77315 7.11246 5.79311 8.88106 6.25194 5.53713 7.04355 6.00208 5.78456 5.64658 8.91274 6.04182 5.22872 5.202 5.0073 4.9886 4.6716 4.63394 4.57772 6.7059 7.84664 4.77238 4.18068 4.03871 3.91139 5.58551
threshold=0 1 2 2.6841837167739873 85.500000000000014 3 6.5000000000000009 4 5 8.5000000000000018 6 7 8 9 3.5000000000000004 10 48.500000000000007 11 1.5000000000000002 17.500000000000004 21.500000000000004 12 13 1.5000000000000002 4.5000000000000009 3.5000000000000004 15.500000000000002 14 15 3.5000000000000004
decision_type=9 1 1 2 2 1 2 1 1 2 1 9 9 1 2 9 2 9 2 2 2 1 9 2 2 2 2 1 1 2
left_child=1 20 19 -4 6 -6 8 -8 -3 10 11 -5 -12 14 15 16 -11 27 -7 -2 -1 -14 -10 24 28 -26 -19 -15 29 -24
right_child=2 4 3 9 5 18 7 -9 22 13 12 -13 21 17 -16 -17 -18 26 -20 -21 -22 -23 23 -25 25 -27 -28 -29 -30 -31
leaf_value=-0.0077914051827924231 0.0068376034096265517 0.0081427173994695033 0.017612880362492478 0.0032492177614708456 0.0061926430436187521 -0.011823961421004491 0.0061797040416814919 -0.013715781518249738 0.0039628857666340247 -8.9213943625076035e-06 0.0060908926496562876 -0.018558479707872135 -0.011675217591549469 -0.032081085361426953 -0.040259566941780928 -0.011670182814205475 0.026159343061518171 0.00481795035110696 -0.041333954629538844 -0.014123252144938295 -0.024783391546221833 0.0003298910117283935 -0.0069886198481095008 0.023009831409029808 -0.024543080067021553 0.001127041900946237 0.0175829662389335 -0.0017116870798476527 -0.0077214024825944111 0.031339887377961471
leaf_weight=673.15935748815536 988.34133541584015 352.56635972857475 65.571415960788727 44.951192647218704 38.180077880620956 35.947239607572556 89.129548192024231 128.06555715203285 229.1994466483593 73.049542307853699 181.7342629134655 116.43067270517349 133.2798182964325 15.346504181623459 16.473980337381363 74.137356609106064 25.842076539993286 398.67509296536446 23.953768908977509 29.225109219551086 43.035938709974289 190.68670034408569 16.47829332947731 17.603827714920044 77.86845526099205 23.591258764266968 76.440652459859848 38.1905158162117 42.278788387775421 22.461679488420486
leaf_count=1799 2637 941 175 120 102 96 238 342 612 195 485 311 356 41 44 198 69 1064 64 78 115 509 44 47 208 63 204 102 113 60
internal_value=0.000123156 -0.00334708 0.00267547 0.000195561 0.00018781 -0.0113863 0.00132575 -0.00589832 0.00333206 -0.000627491 -0.00390746 -0.012649 -0.000850853 0.00241922 -0.00486095 -0.0017716 0.00620213 0.00502577 -0.020245 0.00617491 -0.0086911 -0.00481072 -0.000788296 -0.00615535 -0.00930281 -0.0185743 0.00673004 -0.0087776 0.00227928 0.0120308
internal_weight=4281.9 1813.52 2468.38 1450.81 1097.32 98.0811 999.243 217.195 782.048 1385.24 667.083 161.382 505.701 718.156 189.503 173.029 98.8916 528.653 59.901 1017.57 716.195 323.967 429.482 200.282 182.678 101.46 475.116 53.537 81.2188 38.94
internal_count=11432 4844 6588 3873 2930 262 2668 580 2088 3698 1781 431 1350 1917 506 462 264 1411 160 2715 1914 865 1147 535 488 271 1268 143 217 104
cat_boundaries=0 2 4 6 7 8 9 11 13 15 16 18 19 21 22 23 24
cat_threshold=347131498 8 2282930757 31 3289323046 6 536939914 375392656 623649840 676331520 9 2701144064 6 4919440 5 268454336 34218389 4 1073750144 41959816 16 337674786 2 12650504
is_linear=0
shrinkage=0.05


Tree=16
num_leaves=31
num_cat=7
split_feature=5 31 32 5 21 5 5 26 17 32 6 6 32 18 20 31 30 18 6 1 5 11 30 26 7 6 17 5 26 24
split_gain=14.1714 6.49534 6.29926 6.94969 6.65734 9.23808 7.26496 4.99149 4.70033 4.63634 4.17181 4.92571 4.04921 4.60184 4.40136 4.03599 5.44697 7.38805 4.2515 5.93242 4.55541 4.02201 3.98418 3.94369 3.91287 3.86495 3.8566 3.66597 3.93322 3.61484
threshold=0 117.50000000000001 2.6841837167739873 1 8.5000000000000018 2 3 1.5000000000000002 12.500000000000002 3.0219280719757085 6.5000000000000009 13.500000000000002 3.2219280004501347 21.500000000000004 3.5000000000000004 2.5000000000000004 2.5000000000000004 25.500000000000004 9.5000000000000018 4 5 1.5000000000000002 5.5000000000000009 2.5000000000000004 5.5000000000000009 32.500000000000007 12.500000000000002 6 5.5000000000000009 1.5000000000000002
decision_type=9 2 2 9 2 9 9 2 2 2 2 2 2 2 2 2 2 2 2 1 9 2 2 2 2 2 2 9 2 2
left_child=1 15 3 8 6 9 -4 -8 -2 23 26 27 13 -13 -14 -1 18 -18 19 -17 -21 -7 25 -6 -3 -19 29 28 -12 -11
right_child=2 24 4 -5 5 21 7 -9 -10 10 11 12 14 -15 -16 16 17 22 -20 20 -22 -23 -24 -25 -26 -27 -28 -29 -30 -31
leaf_value=-0.0087370061471231802 -0.010926995215781171 0.041598218341134585 -0.0026035902889607904 -0.019411789492864678 -0.012775330722569679 -0.0085210350396879211 -0.019965809668059064 0.0054764418787378059 0.022561675122213787 -0.017668904305005548 -0.015828786652708239 0.013961970104378338 0.022182723760197719 -0.010990506432954733 -0.0011870364411321408 0.018415704672272461 0.0013284581017407662 0.025674885178986268 0.00043394126903561629 0.011542172577717389 -0.0055761237472278279 0.0023809758972933768 -0.003011373722464301 0.0090374040208557899 0.012785886532547603 -0.00069432457787608082 -0.024024162488172761 0.018609154230449423 0.014528471122329627 0.01685642786649906
leaf_weight=63.673414826393127 20.58952260017395 15.743543565273283 675.32774475216866 88.723238199949265 23.210306644439697 746.50372505187988 19.856827020645142 661.19011777639389 21.33520233631134 14.977847725152971 23.59212002158165 20.970976173877716 25.846963584423065 155.40419641137123 91.365957200527191 88.802193373441696 113.17346361279488 100.82358887791634 684.65928927063942 57.698950558900833 82.439048111438751 95.412806212902069 18.362852662801743 193.25379276275635 46.848394244909286 16.117384314537048 38.558628052473068 42.724941432476044 19.480278491973877 15.352690130472181
leaf_count=170 55 42 1803 237 62 1994 53 1765 57 40 63 56 69 415 244 237 302 269 1827 154 220 255 49 516 125 43 103 114 52 41
internal_value=-7.63355e-05 0.00428891 -0.00196271 -0.012706 -0.00147932 -0.00376697 0.0010618 0.00466613 0.00493746 0.000679198 -0.00221229 -0.000156893 -0.00323676 -0.00802366 0.0039663 0.00351995 0.00419154 0.0107555 0.0024063 0.00830477 0.00189771 -0.00720001 0.0186406 0.00669854 0.020033 0.0220406 -0.0135317 0.010382 -0.00170363 -0.000192896
internal_weight=4282.02 1288.34 2993.68 130.648 2863.03 1506.66 1356.37 681.047 41.9247 664.739 448.275 379.385 293.588 176.375 117.213 1225.75 1162.08 248.477 913.599 228.94 140.138 841.917 135.304 216.464 62.5919 116.941 68.8892 85.7973 43.0724 30.3305
internal_count=11432 3438 7994 349 7645 4024 3621 1818 112 1775 1197 1013 784 471 313 3271 3101 663 2438 611 374 2249 361 578 167 312 184 229 115 81
cat_boundaries=0 2 3 5 7 8 9 11
cat_threshold=78663272 8 406851589 1346449554 5 1359687826 4 2 2097256 77840 4
is_linear=0
shrinkage=0.05


Tree=17
num_leaves=31
num_cat=4
split_feature=0 5 5 13 0 31 32 20 18 17 31 31 34 9 26 16 23 20 14 7 7 31 10 7 26 26 24 31 14 9
split_gain=15.254 12.6752 8.67252 7.57567 5.9012 6.727 8.71847 8.13105 10.1455 10.3792 6.6418 7.68718 8.79048 14.8874 6.41869 7.06114 5.99007 5.8744 5.87332 5.40075 8.73881 9.32153 6.85989 6.36428 8.25061 5.72241 5.47566 8.46219 4.68528 4.52474
threshold=0 1 2 3.5000000000000004 3 34.500000000000007 3.0219280719757085 5.5000000000000009 26.500000000000004 14.500000000000002 62.500000000000007 46.500000000000007 0.044749138876795776 1.0000000180025095e-35 5.5000000000000009 6.5000000000000009 2.5000000000000004 3.5000000000000004 2.5000000000000004 6.5000000000000009 1.5000000000000002 6.5000000000000009 1.0000000180025095e-35 16.500000000000004 3.5000000000000004 5.5000000000000009 1.5000000000000002 43.500000000000007 2.5000000000000004 1.0000000180025095e-35
decision_type=1 9 9 2 1 2 2 2 2 2 2 2 2 2 2 2 2 2 2 2 2 2 2 2 2 2 2 2 2 2
left_child=1 19 4 -3 -2 7 14 16 18 -10 11 -8 13 -13 15 17 -6 -7 -9 20 -1 -22 25 24 -24 26 27 -21 29 -23
right_child=2 3 -4 -5 5 6 10 8 9 -11 -12 12 -14 -15 -16 -17 -18 -19 -20 22 21 28 23 -25 -26 -27 -28 -29 -30 -31
leaf_value=-0.0011185726230583638 -0.0099306113533296839 -0.0044840518292162714 -0.014133252655973353 0.096558097694920311 -0.012239895358543758 0.12850089420221161 -0.003741947746343051 0.07528781518164962 0.19783094590419745 0.024088277912647376 -0.014061255085044994 0.23730885621080808 0.023199502158652428 0.025717739303001516 0.15053497947254718 -0.034205621350295222 0.068135309191835219 0.028799010195214355 -0.034223869405896605 0.088864137122037196 0.18405157864819366 0.045011676720269511 0.11450712253433602 0.14990410267833393 0.0086010613936684296 -0.027242044305715526 -0.015027410577333726 -0.002074653261531197 0.017561779163679701 0.12041321826489518
leaf_weight=4.5214420594275024 51.499220184981823 63.914997160434723 159.30151142925024 1.9105008728802193 45.540892019867897 2.7646651566028577 6.5619647800922412 1.8253998309373836 1.7231540717184546 1.7152074202895162 12.393458634614943 1.6572126448154449 4.3531796969473362 1.6680780239403248 1.894298370927572 1.9611405991017816 2.4423956573009482 3.1729963421821594 3.718305166810751 5.6824644841253775 1.831200499087571 3.7807354219257814 2.6867380663752538 1.6283323802053917 5.8284616768360138 7.1238815672695628 5.1882238872349253 4.6527028158307076 3.8545774295926094 4.1998164020478725
leaf_count=112 1419 1726 4491 47 1242 71 175 47 43 46 327 44 115 44 50 53 65 84 99 138 42 90 63 39 145 182 128 113 93 99
internal_value=-0.000476186 0.014184 -0.00636254 -0.00134683 0.00254188 0.00971484 0.0275361 2.42744e-05 0.0436854 0.11116 0.0127034 0.0359966 0.0699569 0.131168 0.0678761 0.0480527 -0.00814872 0.0752217 0.00183552 0.0311702 0.0591365 0.0790716 0.0251642 0.0593359 0.0420168 0.00985902 0.0268852 0.0479252 0.0628285 0.0846922
internal_weight=420.997 116.804 304.193 65.8255 144.892 93.3923 36.427 56.9654 8.98207 3.43836 26.6339 14.2404 7.67847 3.32529 9.7931 7.8988 47.9833 5.93766 5.5437 50.9786 18.1878 13.6663 32.7908 10.1435 8.5152 22.6473 15.5234 10.3352 11.8351 7.98055
internal_count=11432 3017 8415 1773 3924 2505 963 1542 235 89 705 378 203 88 258 208 1307 155 146 1244 436 324 808 247 208 561 379 251 282 189
cat_boundaries=0 2 4 6 7
cat_threshold=71338881 9 1342204214 2 2583734147 15 1779319840
is_linear=0
shrinkage=0.05


Tree=18
num_leaves=31
num_cat=12
split_feature=5 0 0 22 31 5 0 15 22 15 5 31 31 0 7 5 18 21 22 20 31 0 5 5 15 0 20 21 15 18
split_gain=11.0804 15.6811 9.26011 5.36299 4.85322 4.25306 4.58719 4.34538 3.78659 5.66589 7.40284 5.68191 5.30328 4.87728 4.47168 3.69975 3.52477 3.51527 4.21647 3.77993 4.81045 3.44417 6.97071 5.34244 4.58629 4.8711 4.64485 4.12866 3.96724 3.87815
threshold=0 1 2 22.500000000000004 135.50000000000003 3 4 4.5000000000000009 13.500000000000002 4.5000000000000009 5 39.500000000000007 16.500000000000004 6 13.500000000000002 7 25.500000000000004 10.500000000000002 20.500000000000004 5.5000000000000009 16.500000000000004 8 9 10 1.5000000000000002 11 3.5000000000000004 9.5000000000000018 4.5000000000000009 21.500000000000004
decision_type=9 1 1 2 2 9 1 2 2 2 9 2 2 1 2 9 2 2 2 2 2 1 9 9 2 1 2 2 2 2
left_child=2 5 8 21 -4 6 -2 17 15 10 11 12 -10 -12 -13 -1 -15 18 -7 -19 -21 22 29 24 -23 26 -26 -28 -25 -3
right_child=1 3 4 -5 -6 7 -8 -9 9 -11 13 14 -14 16 -16 -17 -18 19 -20 20 -22 23 -24 28 25 -27 27 -29 -30 -31
leaf_value=0.0033668290276362071 -0.0071420517063617061 -0.005119581557385209 0.0060718545576025022 0.013134896746380888 0.027732051617579564 -0.0081072283501565923 0.0078792575184099285 -0.023629387012877125 -0.0054332549279142968 0.022270407114944574 0.010772559833128919 -0.0039201517930980215 -0.025552953681550222 -0.0078707983369080397 0.027191735960248587 -0.015285276846181573 0.0067874044552008218 0.0044912447621572775 -0.028047712383173648 0.0033130280091218317 -0.027775457912944258 0.024011798182444463 -0.0013605610117093444 -0.0050626636993102124 0.024347502449699344 -0.001982685710738332 -0.011447401862366828 0.015762315018784789 0.012591238662181254 0.01290815398540646
leaf_weight=40.446125596761703 90.571276664733887 34.838802576065063 915.5878663957119 90.619444102048874 26.612691819667816 624.32347273826599 92.83135575056076 43.031614780426025 74.538210868835449 28.476494610309601 139.03412085771561 43.444416224956512 58.423983842134476 98.156597882509232 15.73145669698715 70.770970940589905 70.445518225431442 110.05756878852844 27.686093926429749 25.076153814792633 24.698829084634781 25.843397319316864 301.54367345571518 573.50508919358253 42.68690812587738 229.55321016907692 27.325891107320786 28.462215065956116 33.693062275648117 207.57920148968697
leaf_count=108 242 93 2443 242 71 1669 248 115 199 76 371 116 156 262 42 189 188 294 74 67 66 69 805 1532 114 613 73 76 90 554
internal_value=0.000183797 -0.00180132 0.00347898 0.00131349 0.00661346 -0.00655512 0.00047543 -0.00805149 -0.00117013 0.000576999 -0.000659064 -0.00811541 -0.0142739 0.00412752 0.00435071 -0.00957374 -0.00164852 -0.00732496 -0.00895396 -0.00067976 -0.0121134 0.00061044 0.00374977 -0.00119301 0.00362965 0.00213451 0.0108333 0.00243457 -0.0040169 0.00990858
internal_weight=4215.6 2633.93 1581.67 1595.65 942.201 1038.28 183.403 854.874 639.468 528.251 499.774 192.138 132.962 307.636 59.1759 111.217 168.602 811.842 652.01 159.833 49.775 1505.03 543.962 961.07 353.872 328.028 98.475 55.7881 607.198 242.418
internal_count=11257 7036 4221 4261 2514 2775 490 2285 1707 1410 1334 513 355 821 158 297 450 2170 1743 427 133 4019 1452 2567 945 876 263 149 1622 647
cat_boundaries=0 2 4 6 7 9 11 13 14 15 17 18 19
cat_threshold=2315923477 22 2819777033 31 720947600 8 563086848 2281832457 14 167780353 16 544735488 8 134352900 90702000 807438474 1 1145144866 1107297536
is_linear=0
shrinkage=0.05


Tree=19
num_leaves=31
num_cat=13
split_feature=5 3 33 21 5 33 5 33 17 5 33 5 5 7 7 21 21 5 14 15 18 32 5 14 34 34 17 19 15 7
split_gain=11.6503 8.0249 4.00108 5.79269 7.18783 8.7223 6.6482 6.19746 4.60307 4.38585 3.93961 5.50241 4.52122 4.37653 4.60429 4.32029 4.55966 3.92296 3.89694 3.84936 3.81804 3.77711 5.30394 4.00441 3.75783 5.85511 3.72935 3.71746 3.5348 5.32127
threshold=0 1 2 7.5000000000000009 3 4 5 6 10.500000000000002 7 8 9 10 12.500000000000002 15.500000000000002 8.5000000000000018 11.500000000000002 11 1.5000000000000002 1.5000000000000002 28.500000000000004 3.0219280719757085 12 1.5000000000000002 0.050737688317894943 0.042884616181254394 12.500000000000002 1.5000000000000002 2.5000000000000004 13.500000000000002
decision_type=9 1 1 2 9 1 9 1 2 9 1 9 9 2 2 2 2 9 2 2 2 2 9 2 2 2 2 2 2 2
left_child=2 21 9 4 7 8 24 28 -6 -1 11 15 13 -12 -15 -3 18 -10 -17 -14 -7 -2 23 -23 25 -5 -9 -21 -4 -30
right_child=1 10 3 6 5 20 -8 26 17 -11 12 -13 19 14 -16 16 -18 -19 -20 27 -22 22 -24 -25 -26 -27 -28 -29 29 -31
leaf_value=-0.0013013032312726158 0.0013213326561616846 0.004552265456980095 0.018498899439330561 -0.026925150315856173 -0.021115842527464471 0.013847055649620122 -0.001674429616639459 -0.033165218513685556 0.013043646263159639 -0.0090146641239463778 -0.013377041070327486 0.0077243752434237563 0.024247864821354367 0.012580191408158276 -0.011226965130767159 -0.032484758184729505 0.0090705503783454575 -0.0057124689864062016 -0.0088963988738747623 0.013506593840322285 0.036748145678942329 0.011218756962411688 0.0087440449964533897 -0.012019966245457724 -0.040289620073874224 0.0020026960587265874 -0.0074567534741040208 -0.0037481505756165726 -0.013904616596438039 0.021506497836131618
leaf_weight=354.48710757493973 378.83735203742981 99.289770811796188 28.093619138002396 35.526806831359863 25.089759975671768 137.15635266900063 850.27155157923698 26.96421554684639 40.068221777677536 406.63258773088455 169.9060615003109 232.32071697711945 16.852455765008926 40.809529662132263 40.428067952394485 22.850697308778763 26.220655679702759 55.038998395204544 74.905401200056076 38.199118435382843 20.984382420778275 26.986559242010117 707.5607422888279 59.210808604955673 14.960984289646147 34.458074122667313 29.583291560411453 170.73982474207878 36.329951167106628 14.984917253255842
leaf_count=947 1011 265 75 95 67 366 2271 72 107 1087 454 620 45 109 108 61 70 147 200 102 56 72 1888 158 40 92 79 456 97 40
internal_value=1.73974e-05 0.00264297 -0.00260152 -0.000946476 0.00396831 0.00840021 -0.00313381 -0.00533071 -0.00190675 -0.00548567 -0.000823108 0.00247627 -0.00396093 -0.00847554 0.000732508 -0.0030817 -0.00944412 0.00296023 -0.0144102 0.00120707 0.0158816 0.00538307 0.00738944 -0.00425122 -0.0156966 -0.0126821 -0.016753 -0.000593564 0.0037672 -0.0035639
internal_weight=4215.75 2105.12 2110.63 1349.51 414.294 278.338 935.217 135.956 120.197 761.12 932.522 455.587 476.935 251.144 81.2376 223.267 123.977 95.1072 97.7561 225.791 158.141 1172.6 793.758 86.1974 84.9459 69.9849 56.5475 208.939 79.4085 51.3149
internal_count=11257 5619 5638 3604 1106 743 2498 363 321 2034 2490 1216 1274 671 217 596 331 254 261 603 422 3129 2118 230 227 187 151 558 212 137
cat_boundaries=0 2 3 4 6 8 10 12 14 16 18 20 22 23
cat_threshold=2324345111 6 3357 174086404 2155884560 4 2415919634 4 32768 2 270017090 8 2189459728 2 170394112 2 339821280 1 1411401736 16 34242560 2 17826816
is_linear=0
shrinkage=0.05


Tree=20
num_leaves=31
num_cat=5
split_feature=0 5 5 0 13 18 32 16 21 22 21 22 10 21 24 5 7 19 18 26 26 27 6 6 6 19 21 32 18 7
split_gain=14.3552 16.2592 13.4882 8.22907 7.59075 6.69302 8.57885 6.50509 11.498 6.48477 5.89743 5.17864 6.21199 4.55274 4.93506 3.96446 5.6701 10.1386 11.729 3.93353 3.88953 6.11188 6.67557 3.76425 3.76349 4.63596 8.72149 6.28908 4.76849 5.7564
threshold=0 1 2 3 2.5000000000000004 27.500000000000004 2.7841837406158452 6.5000000000000009 8.5000000000000018 10.500000000000002 10.500000000000002 21.500000000000004 1.0000000180025095e-35 5.5000000000000009 1.5000000000000002 4 15.500000000000002 2.5000000000000004 24.500000000000004 8.5000000000000018 5.5000000000000009 2.5000000000000004 33.500000000000007 30.500000000000004 19.500000000000004 2.5000000000000004 7.5000000000000009 3.2219280004501347 22.500000000000004 9.5000000000000018
decision_type=1 9 9 1 2 2 2 2 2 2 2 2 2 2 2 9 2 2 2 2 2 2 2 2 2 2 2 2 2 2
left_child=1 5 3 -2 9 6 -1 13 -9 -5 -7 24 -13 14 -8 16 20 -18 -19 -17 21 22 -3 -15 25 -11 -27 28 -28 -30
right_child=2 15 -4 4 -6 10 7 8 -10 11 -12 12 -14 23 -16 19 17 18 -20 -21 -22 -23 -24 -25 -26 26 27 -29 29 -31
leaf_value=0.14859358216799298 -0.010342050221935569 -0.0015542883503080619 -0.016714701724749662 0.11084380955943968 -0.027965477408154291 -0.034281906587362555 0.12227559691623038 0.19088964291658053 0.028385299330359822 0.014695429290136973 0.070731614060831713 0.12315451694001403 -0.0028337340075810643 0.035717588372009827 0.026046174924980393 -0.020372266810976716 0.0021371009606724507 0.20747697183692507 0.022262102882446112 0.060216861989815233 -0.01636948472699808 0.10020700230407485 0.083513292904647596 -0.020473927928707905 0.0032651311461765887 -0.034180251641507092 0.13425209964915066 0.16711469390293648 0.0866801278745188 -0.034231523355040747
leaf_weight=2.1847918182611457 44.153272543102503 24.457571145147092 172.86049835383892 2.0675895772874346 8.0229749120771867 4.4940349310636512 2.8728736862540307 1.9977170340716828 2.3917037509381771 17.381142769008878 1.9031006097793577 2.5405492298305026 1.5911554321646688 17.138006582856182 2.4846421293914318 32.554206028580666 5.4937842451035959 1.6541139185428622 1.7687944322824476 1.5880129002034653 19.575361423194408 1.8585441894829262 2.5463213026523581 3.6078486293554297 26.680095456540585 1.981502078473566 1.4837187975645063 1.7380416132509706 2.0673007853329186 1.8791167289018629
leaf_count=47 1207 630 4878 54 220 113 67 47 58 472 45 64 41 426 60 892 141 40 45 42 510 46 63 87 719 55 39 45 54 50
internal_value=-0.00204366 0.0112103 -0.00823241 0.00520166 0.0154005 0.034818 0.0528845 0.046027 0.102344 0.023849 -0.00304116 0.0207122 0.0746353 0.0365569 0.0776475 -0.00130873 0.0064546 0.0442214 0.111767 -0.0128579 0.000834846 0.0125033 0.00646713 0.0259455 0.0165252 0.0298599 0.0586671 0.0843329 0.0578367 0.0291071
internal_weight=415.018 130.571 284.447 111.586 67.4332 39.0747 32.6776 30.4928 4.38942 59.4102 6.39714 57.3426 4.1317 26.1034 5.35752 91.4967 57.3545 8.91669 3.42291 34.1422 48.4378 28.8624 27.0039 20.7459 53.2109 26.5308 9.14968 7.16818 5.43014 3.94642
internal_count=11257 3359 7898 3020 1813 950 792 745 105 1593 158 1539 105 640 127 2409 1475 226 85 934 1249 739 693 513 1434 715 243 188 143 104
cat_boundaries=0 2 4 6 8 10
cat_threshold=138414979 11 268527668 1 2256586626 6 35021872 4 3388080458 2
is_linear=0
shrinkage=0.05


end of trees

feature_importances:
hot50=91
last_num=77
gap_last=49
c25_doz=44
wheel_dist=37
c50_doz=29
c10_doz=24
c50_col=21
ent10=21
c50_zone=19
markov_pred=19
c25_col=18
wheel_pos=17
c25_zone=15
c5_doz=14
c5_col=13
c10_col=13
nn5=13
markov_conf=13
c50_num=12
same_dozen=11
c10_zone=11
nn10=10
last_zone=9
c25_num=6
last_color=4
c10_num=4
c5_zone=4
last_sector=3
same_color=3
c5_num=3
col_streak=3

parameters:
[boosting: gbdt]
[objective: multiclass]
[metric: multi_logloss]
[tree_learner: serial]
[device_type: cpu]
[data_sample_strategy: bagging]
[data: ]
[valid: ]
[num_iterations: 600]
[learning_rate: 0.05]
[num_leaves: 31]
[num_threads: 8]
[seed: 0]
[deterministic: 0]
[force_col_wise: 0]
[force_row_wise: 0]
[histogram_pool_size: -1]
[max_depth: -1]
[min_data_in_leaf: 40]
[min_sum_hessian_in_leaf: 0.001]
[bagging_fraction: 0.8]
[pos_bagging_fraction: 1]
[neg_bagging_fraction: 1]
[bagging_freq: 1]
[bagging_seed: 3]
[bagging_by_query: 0]
[feature_fraction: 0.8]
[feature_fraction_bynode: 1]
[feature_fraction_seed: 2]
[extra_trees: 0]
[extra_seed: 6]
[early_stopping_round: 0]
[early_stopping_min_delta: 0]
[first_metric_only: 0]
[max_delta_step: 0]
[lambda_l1: 0]
[lambda_l2: 0]
[linear_lambda: 0]
[min_gain_to_split: 0]
[drop_rate: 0.1]
[max_drop: 50]
[skip_drop: 0.5]
[xgboost_dart_mode: 0]
[uniform_drop: 0]
[drop_seed: 4]
[top_rate: 0.2]
[other_rate: 0.1]
[min_data_per_group: 100]
[max_cat_threshold: 32]
[cat_l2: 10]
[cat_smooth: 10]
[max_cat_to_onehot: 4]
[top_k: 20]
[monotone_constraints: ]
[monotone_constraints_method: basic]
[monotone_penalty: 0]
[feature_contri: ]
[forcedsplits_filename: ]
[refit_decay_rate: 0.9]
[cegb_tradeoff: 1]
[cegb_penalty_split: 0]
[cegb_penalty_feature_lazy: ]
[cegb_penalty_feature_coupled: ]
[path_smooth: 0]
[interaction_constraints: ]
[verbosity: -1]
[saved_feature_importance_type: 0]
[use_quantized_grad: 0]
[num_grad_quant_bins: 4]
[quant_train_renew_leaf: 0]
[stochastic_rounding: 1]
[linear_tree: 0]
[max_bin: 255]
[max_bin_by_feature: ]
[min_data_in_bin: 3]
[bin_construct_sample_cnt: 200000]
[data_random_seed: 1]
[is_enable_sparse: 1]
[enable_bundle: 1]
[use_missing: 1]
[zero_as_missing: 0]
[feature_pre_filter: 1]
[pre_partition: 0]
[two_round: 0]
[header: 0]
[label_column: ]
[weight_column: ]
[group_column: ]
[ignore_column: ]
[categorical_feature: 0,1,2,3,4,5,33]
[forcedbins_filename: ]
[precise_float_parser: 0]
[parser_config_file: ]
[objective_seed: 5]
[num_class: 3]
[is_unbalance: 0]
[scale_pos_weight: 1]
[sigmoid: 1]
[boost_from_average: 1]
[reg_sqrt: 0]
[alpha: 0.9]
[fair_c: 1]
[poisson_max_delta_step: 0.7]
[tweedie_variance_power: 1.5]
[lambdarank_truncation_level: 30]
[lambdarank_norm: 1]
[label_gain: ]
[lambdarank_position_bias_regularization: 0]
[eval_at: ]
[multi_error_top_k: 1]
[auc_mu_weights: ]
[num_machines: 1]
[local_listen_port: 12400]
[time_out: 120]
[machine_list_filename: ]
[machines: ]
[gpu_platform_id: -1]
[gpu_device_id: -1]
[gpu_device_id_list: ]
[gpu_use_dp: 0]
[num_gpu: 1]

end of parameters

pandas_categorical:[]
